4294967279,47
4294967279,45
4294967279,43
4294967279,40
4294967279,39
4294967279,37
4294967279,35
4294967279,34
4294967279,33
4294967279,32
4294967279,31
4294967279,30
4294967279,29
4294967279,26
4294967279,25
4294967279,24
4294967279,23
4294967279,22
4294967279,20
4294967279,17
4294967279,16
4294967279,15
4294967279,13
4294967279,11
4294967279,10
4294967278,315
4294967278,313
4294967278,181
4294967278,314
4294967278,351
4294967278,312
4294967278,350
4294967294,1424
4294967278,349
4294967278,176
4294967278,311
4294967278,348
4294967294,89
4294967279,547
4294967278,346
4294967278,345
4294967294,5
4294967279,512
4294967294,107
4294967294,81
4294967294,50
4294967294,413
4294967278,309
4294967278,170
4294967294,8
4294967278,310
4294967294,392
4294967294,388
4294967294,114
4294967294,115
4294967294,120
4294967294,387
4294967294,46
4294967294,1419
4294967294,6
4294967294,22
4294967294,2
4294967294,389
4294967294,37
4294967294,36
4294967294,42
4294967294,40
4294967294,39
4294967294,1083
4294967294,91
4294967294,90
4294967294,87
4294967294,86
4294967294,84
4294967294,1423
4294967294,53
4294967294,43
4294967294,437
4294967294,429
4294967294,17
4294967294,67
4294967294,99
4294967294,76
4294967294,425
4294967294,51
4294967294,417
4294967294,82
4294967294,83
4294967278,132
4294967278,131
4294967278,130
4294967278,129
4294967278,128
4294967278,127
4294967278,126
4294967278,125
4294967278,124
4294967278,123
4294967278,122
4294967278,121
4294967278,120
4294967278,119
4294967278,118
4294967278,117
4294967278,116
4294967278,115
4294967278,114
4294967278,113
4294967278,112
4294967278,111
4294967278,110
4294967278,109
4294967278,108
4294967278,107
4294967278,106
4294967278,105
4294967278,104
4294967278,103
4294967278,102
4294967278,101
4294967278,100
4294967278,99
4294967278,98
4294967278,97
4294967278,96
4294967278,95
4294967278,94
4294967278,93
4294967278,92
4294967278,91
4294967278,90
4294967278,89
4294967278,87
4294967278,86
4294967278,85
4294967278,84
4294967278,83
4294967278,82
4294967278,81
4294967278,80
4294967278,79
4294967278,78
4294967278,77
4294967278,76
4294967278,75
4294967278,74
4294967278,73
4294967278,72
4294967278,71
4294967278,70
4294967278,69
4294967278,68
4294967278,67
4294967278,66
4294967278,65
4294967278,64
4294967278,63
4294967278,62
4294967278,61
4294967278,60
4294967278,59
4294967278,58
4294967278,57
4294967278,347
4294967279,70
4294967279,68
4294967279,67
4294967279,65
4294967279,64
4294967279,62
4294967279,57
4294967279,53
4294967279,50
4294967279,48
4294967279,46
4294967279,157
4294967279,303
4294967279,44
4294967279,42
4294967279,301
4294967279,41
4294967279,38
4294967279,0
4294967279,538
4294967279,552
4294967279,36
4294967279,297
4294967279,296
4294967279,28
4294967279,27
4294967279,295
4294967279,21
4294967279,19
4294967279,18
4294967279,14
4294967279,12
4294967279,9
4294967279,284
4294967279,8
4294967279,7
4294967279,282
4294967279,6
4294967279,281
4294967279,5
4294967279,279
4294967279,4
4294967294,92
4294967294,88
4294967294,85
4294967294,186
4294967294,1047
4294967294,1035
4294967294,29
4294967294,441
4294967294,28
4294967294,1053
4294967294,27
4294967294,470
4294967294,25
4294967294,26
4294967294,52
4294967294,1
4294967294,0
4294967294,45
4294967294,44
4294967294,38
4294967294,41
4294967294,971
4294967294,1086
4294967294,93
4294967294,94
4294967294,95
4294967294,96
4294967294,9
4294967294,7
4294967279,306
4294967279,305
0,5
4294967279,554
49,5
49,4
49,2
49,1
4294967294,1422
4294967294,1421
44,6
4294967294,1420
44,5
46,4
46,3
46,2
46,1
45,4
45,3
45,2
45,1
44,4
44,3
44,2
44,1
43,4
43,3
43,2
43,1
42,4
42,3
42,2
42,1
4294967294,472
4294967278,353
4294967293,131
4294967293,130
4294967293,129
4294967293,128
4294967293,127
4294967293,126
4294967293,125
4294967293,124
4294967293,123
4294967293,122
4294967293,121
4294967293,120
4294967293,119
4294967293,118
4294967293,117
4294967293,116
4294967293,115
4294967293,114
4294967293,113
4294967293,112
4294967293,111
4294967293,110
